list.Add(new List<int>(){ 42, 0, 0, 2, 1, 0, 0, 1, 4, 3, 1, 4, 0, 1, 0, 1, 1, 3, 5, 2, 5, 1, 1, 1, 4, 1, 1, 5, 2, 5, 4, 2, 2, 2, 2, 2, 0, 2, 3, 0, 4, 0, 3 });
list.Add(new List<int>(){ 38, 0, 2, 2, 3, 2, 5, 1, 4, 0, 1, 0, 5, 1, 0, 3, 2, 5, 1, 1, 3, 4, 2, 2, 3, 4, 5, 3, 2, 1, 1, 2, 2, 0, 2, 3, 0, 4, 0, 0, 2, 4, 2 });
list.Add(new List<int>(){ 45, 0, 0, 2, 3, 1, 1, 3, 1, 0, 1, 1, 5, 1, 0, 3, 1, 4, 4, 2, 5, 2, 2, 2, 2, 2, 3, 2, 2, 3, 4, 2, 0, 0, 4, 4, 1 });
list.Add(new List<int>(){ 38, 0, 0, 2, 3, 0, 1, 3, 0, 0, 1, 2, 3, 1, 0, 5, 1, 3, 4, 4, 5, 2, 4, 3, 0, 2, 2, 4, 2, 0, 3, 2, 4, 0, 2, 4, 2 });
list.Add(new List<int>(){ 38, 0, 1, 2, 3, 3, 0, 1, 4, 1, 1, 2, 4, 1, 2, 5, 1, 0, 5, 2, 5, 2, 2, 3, 1, 2, 1, 3, 2, 5, 4, 2, 2, 0, 4, 0, 2, 4, 4, 3, 2, 0, 0 });
list.Add(new List<int>(){ 40, 0, 3, 2, 3, 2, 5, 3, 0, 0, 1, 4, 4, 4, 5, 0, 1, 0, 3, 2, 2, 1, 2, 2, 3, 2, 3, 3, 2, 1, 4 });
list.Add(new List<int>(){ 38, 0, 1, 2, 3, 0, 3, 3, 2, 0, 1, 3, 5, 4, 5, 1, 2, 3, 1, 2, 3, 3, 2, 2, 4, 4, 0, 0, 4, 4, 1 });
list.Add(new List<int>(){ 38, 0, 0, 2, 3, 0, 0, 1, 1, 3, 1, 0, 1, 1, 0, 5, 1, 3, 4, 4, 5, 2, 2, 3, 2, 2, 5, 0, 2, 3, 0, 2, 2, 4, 2, 0, 3, 2, 4, 0, 2, 4, 2 });
list.Add(new List<int>(){ 39, 0, 0, 2, 3, 0, 1, 1, 2, 3, 1, 0, 5, 1, 3, 4, 2, 5, 1, 2, 5, 3, 4, 3, 0, 2, 2, 4, 2, 0, 3, 2, 4, 0, 2, 4, 2 });
list.Add(new List<int>(){ 43, 0, 0, 2, 3, 0, 3, 3, 3, 0, 1, 0, 5, 1, 3, 5, 1, 4, 4, 4, 5, 1, 2, 3, 1, 2, 3, 3, 2, 2, 4, 2, 0, 0, 2, 4, 2 });
list.Add(new List<int>(){ 45, 0, 0, 2, 3, 1, 1, 3, 1, 0, 1, 1, 5, 1, 0, 3, 1, 4, 4, 4, 5, 1, 2, 2, 2, 2, 3, 2, 2, 3, 4, 2, 0, 0, 4, 4, 1 });
list.Add(new List<int>(){ 42, 0, 0, 2, 3, 0, 5, 3, 1, 0, 1, 1, 3, 1, 3, 1, 1, 4, 4, 2, 5, 2, 2, 2, 1, 2, 5, 0, 2, 3, 2, 2, 3, 4, 2, 0, 0, 2, 4, 2 });
list.Add(new List<int>(){ 42, 0, 0, 2, 3, 2, 5, 3, 3, 0, 1, 2, 4, 1, 0, 3, 2, 5, 1, 4, 5, 3, 2, 2, 2, 2, 2, 0, 2, 1, 4, 2, 0, 4, 2, 4, 2 });
list.Add(new List<int>(){ 47, 0, 0, 2, 3, 3, 0, 1, 2, 4, 4, 5, 2, 1, 3, 3, 1, 0, 3, 2, 2, 2, 2, 3, 1, 2, 1, 4, 2, 2, 0 });
list.Add(new List<int>(){ 38, 0, 0, 2, 3, 0, 0, 1, 4, 1, 1, 4, 0, 1, 1, 3, 1, 2, 4, 1, 3, 3, 1, 0, 5, 2, 5, 2, 2, 2, 1, 4, 3, 0, 2, 0, 3, 2, 4, 4 });
list.Add(new List<int>(){ 42, 0, 0, 2, 3, 1, 1, 1, 1, 5, 1, 0, 3, 1, 4, 4, 2, 5, 2, 2, 2, 2, 2, 3, 2, 2, 3, 4, 2, 0, 0, 4, 4, 1 });
list.Add(new List<int>(){ 39, 0, 2, 2, 3, 0, 4, 1, 3, 1, 1, 0, 0, 2, 5, 2, 2, 5, 0, 4, 3, 3, 2, 2, 0, 2, 0, 1, 2, 4, 4, 2, 4, 2 });
list.Add(new List<int>(){ 40, 0, 0, 2, 3, 1, 3, 1, 2, 0, 1, 4, 0, 1, 4, 1, 1, 3, 5, 2, 3, 1, 2, 1, 0, 2, 2, 4, 4, 0, 3, 4, 4, 2 });
list.Add(new List<int>(){ 50, 0, 0, 2, 3, 3, 0, 4, 5, 2, 1, 2, 5, 1, 3, 3, 1, 0, 3, 1, 2, 4, 2, 2, 2, 2, 3, 1, 2, 2, 0, 2, 1, 4, 2, 0, 4 });
list.Add(new List<int>(){ 44, 0, 0, 2, 3, 1, 1, 1, 2, 0, 1, 1, 5, 1, 0, 3, 1, 4, 4, 2, 5, 2, 2, 2, 2, 2, 3, 2, 2, 3, 4, 2, 0, 0, 4, 4, 1 });
list.Add(new List<int>(){ 38, 0, 0, 2, 3, 2, 4, 3, 3, 0, 1, 4, 1, 1, 2, 3, 1, 2, 5, 1, 0, 5, 2, 5, 2, 2, 5, 4, 4, 2, 0, 2, 1, 3, 2, 0, 3, 2, 4, 2 });
list.Add(new List<int>(){ 39, 0, 1, 2, 3, 0, 5, 3, 3, 0, 1, 1, 3, 1, 3, 5, 1, 3, 3, 1, 2, 4, 1, 0, 1, 4, 5, 2, 1, 0, 4, 2, 3, 1, 2, 2, 0, 2, 0, 2 });
list.Add(new List<int>(){ 46, 0, 2, 2, 3, 0, 5, 3, 0, 4, 1, 3, 1, 1, 0, 3, 1, 0, 0, 2, 5, 2, 2, 5, 0, 4, 3, 3, 2, 2, 0, 2, 0, 1, 2, 4, 4, 2, 4, 2 });
list.Add(new List<int>(){ 38, 0, 0, 2, 3, 0, 1, 3, 0, 0, 1, 2, 3, 1, 0, 5, 1, 3, 4, 2, 5, 3, 4, 3, 0, 2, 2, 4, 2, 0, 3, 2, 4, 0, 2, 4, 2 });
list.Add(new List<int>(){ 38, 0, 0, 2, 3, 0, 0, 1, 3, 0, 1, 1, 3, 1, 3, 1, 1, 1, 4, 1, 4, 3, 1, 0, 5, 2, 2, 1, 2, 5, 0, 4, 3, 2, 2, 5, 4, 2, 0, 3, 2, 4, 4 });
list.Add(new List<int>(){ 38, 0, 2, 2, 3, 0, 0, 1, 1, 1, 1, 4, 5, 1, 2, 5, 1, 0, 3, 4, 5, 0, 2, 2, 3, 2, 1, 4, 2, 3, 0, 2, 0, 1, 4, 4, 0 });
list.Add(new List<int>(){ 46, 0, 0, 2, 3, 3, 0, 1, 1, 3, 1, 3, 3, 1, 1, 4, 1, 0, 0, 1, 0, 5, 4, 5, 1, 4, 2, 0, 2, 0, 3, 2, 3, 4 });
list.Add(new List<int>(){ 39, 0, 2, 2, 3, 1, 5, 1, 1, 3, 1, 4, 5, 1, 0, 0, 1, 4, 4, 4, 5, 1, 2, 3, 3, 2, 1, 1, 2, 2, 0, 2, 0, 1, 2, 3, 0, 4, 0, 3, 2, 4, 1 });
list.Add(new List<int>(){ 38, 0, 0, 2, 3, 0, 1, 1, 2, 3, 1, 0, 0, 1, 0, 5, 1, 3, 4, 4, 5, 2, 4, 3, 0, 2, 2, 4, 2, 0, 3, 2, 4, 0, 2, 4, 2 });
list.Add(new List<int>(){ 39, 0, 0, 2, 3, 1, 0, 1, 1, 5, 1, 1, 1, 1, 4, 4, 4, 5, 0, 1, 3, 5, 1, 0, 3, 2, 2, 2, 2, 3, 1, 2, 3, 3, 2, 0, 0 });
list.Add(new List<int>(){ 40, 0, 0, 2, 3, 1, 1, 1, 1, 5, 4, 5, 1, 1, 4, 4, 1, 0, 3, 2, 2, 2, 2, 3, 2, 2, 3, 4, 2, 0, 0 });
list.Add(new List<int>(){ 44, 0, 2, 2, 3, 0, 5, 3, 0, 4, 1, 3, 1, 1, 0, 3, 1, 0, 0, 4, 5, 0, 4, 3, 3, 2, 2, 0, 2, 0, 1, 2, 4, 4, 2, 4, 2 });
list.Add(new List<int>(){ 38, 0, 1, 2, 3, 3, 0, 1, 4, 1, 1, 2, 3, 1, 2, 5, 1, 0, 5, 1, 2, 4, 2, 1, 3, 4, 5, 3, 2, 3, 1, 2, 2, 0, 4, 4, 3 });
list.Add(new List<int>(){ 46, 3, 3, 5, 0, 3, 2, 1, 2, 0, 1, 1, 5, 1, 1, 4, 1, 0, 0, 1, 0, 3, 1, 4, 3, 4, 5, 0, 2, 2, 2, 2, 3, 3, 2, 4, 0, 2, 0, 4 });
list.Add(new List<int>(){ 42, 3, 3, 5, 0, 3, 2, 3, 2, 0, 1, 3, 1, 1, 2, 3, 1, 0, 0, 1, 0, 3, 1, 0, 4, 4, 5, 2, 2, 5, 0, 2, 4, 3, 2, 2, 4, 2, 0, 1 });
list.Add(new List<int>(){ 38, 0, 0, 2, 3, 1, 5, 3, 1, 4, 1, 4, 0, 1, 4, 1, 1, 0, 3, 4, 5, 2, 2, 2, 1, 2, 3, 2, 2, 3, 0, 2, 4, 4, 2, 0, 4, 2, 4, 2 });
list.Add(new List<int>(){ 41, 0, 0, 2, 3, 1, 5, 3, 3, 0, 1, 1, 4, 1, 0, 3, 2, 5, 1, 4, 5, 3, 2, 2, 2, 2, 2, 0, 2, 0, 4, 2, 4, 2 });
list.Add(new List<int>(){ 44, 0, 0, 2, 3, 1, 1, 1, 2, 0, 1, 1, 5, 1, 0, 3, 1, 4, 4, 4, 5, 1, 2, 2, 2, 2, 3, 2, 2, 3, 4, 2, 0, 0, 4, 4, 1 });
list.Add(new List<int>(){ 44, 0, 0, 2, 3, 1, 1, 3, 1, 5, 3, 1, 4, 1, 2, 0, 1, 4, 0, 2, 5, 1, 1, 4, 3, 2, 2, 2, 2, 5, 4, 2, 3, 2, 2, 4, 4, 2, 0, 0 });
list.Add(new List<int>(){ 39, 0, 1, 2, 3, 0, 3, 1, 2, 0, 1, 2, 1, 1, 4, 0, 1, 3, 4, 4, 5, 2, 2, 3, 2, 2, 2, 4, 4, 0, 0, 2, 1, 0, 4, 4, 1 });
list.Add(new List<int>(){ 39, 0, 0, 2, 3, 1, 1, 1, 2, 0, 1, 4, 5, 1, 0, 3, 1, 4, 4, 2, 5, 2, 2, 5, 0, 2, 2, 2, 2, 3, 2, 2, 3, 4, 2, 4, 0, 2, 0, 0, 2, 4, 2 });
list.Add(new List<int>(){ 41, 0, 2, 2, 1, 1, 3, 1, 0, 0, 1, 3, 5, 2, 5, 2, 2, 5, 0, 2, 1, 1, 2, 3, 3, 2, 3, 0, 2, 2, 4, 2, 0, 1, 4, 0, 3, 4, 4, 1 });
list.Add(new List<int>(){ 44, 0, 1, 2, 3, 1, 3, 1, 4, 5, 1, 3, 0, 1, 0, 5, 1, 0, 0, 4, 5, 1, 2, 3, 4, 2, 2, 0, 4, 0, 1, 4, 4, 1 });
list.Add(new List<int>(){ 39, 0, 1, 2, 1, 1, 1, 1, 1, 5, 3, 0, 0, 2, 5, 1, 1, 3, 5, 1, 0, 3, 1, 3, 4, 2, 5, 3, 2, 2, 3, 2, 3, 2, 2, 0, 1, 2, 3, 0 });
list.Add(new List<int>(){ 40, 0, 0, 2, 3, 0, 3, 3, 2, 0, 1, 0, 5, 1, 4, 4, 2, 5, 2, 2, 3, 1, 2, 3, 3, 2, 2, 4, 2, 0, 0, 4, 4, 1 });
list.Add(new List<int>(){ 40, 0, 0, 2, 1, 4, 0, 1, 3, 1, 1, 1, 4, 1, 3, 3, 1, 0, 0, 2, 5, 1, 2, 5, 3, 2, 2, 2, 2, 2, 0, 2, 3, 4, 4, 0, 3 });
list.Add(new List<int>(){ 41, 0, 0, 2, 3, 1, 5, 3, 3, 0, 2, 5, 1, 1, 1, 4, 1, 0, 3, 4, 5, 3, 2, 2, 2, 2, 3, 2, 2, 1, 0, 2, 2, 0, 2, 0, 4 });
list.Add(new List<int>(){ 42, 0, 1, 2, 3, 2, 5, 1, 2, 0, 1, 0, 5, 1, 3, 4, 2, 5, 1, 2, 2, 3, 4, 5, 3, 2, 3, 1, 2, 1, 0, 4, 0, 0, 2, 4, 0, 2, 4, 2 });
list.Add(new List<int>(){ 40, 0, 0, 2, 3, 1, 3, 1, 2, 0, 1, 4, 0, 1, 3, 4, 4, 5, 2, 2, 3, 1, 2, 1, 0, 2, 2, 4, 4, 0, 3, 4, 4, 1 });
list.Add(new List<int>(){ 39, 0, 1, 2, 3, 0, 4, 1, 0, 1, 1, 1, 3, 1, 3, 0, 1, 3, 3, 2, 3, 1, 2, 2, 0, 2, 3, 4, 2, 0, 2, 2, 4, 1 });
list.Add(new List<int>(){ 41, 0, 0, 2, 3, 1, 1, 3, 1, 4, 1, 2, 0, 1, 4, 0, 1, 2, 5, 2, 5, 1, 1, 4, 3, 2, 5, 4, 2, 2, 2, 2, 3, 2, 2, 0, 0 });
list.Add(new List<int>(){ 51, 3, 0, 3, 0, 3, 2, 1, 1, 0, 1, 0, 5, 1, 4, 4, 1, 3, 5, 4, 5, 1, 2, 2, 1, 2, 1, 1, 2, 3, 3, 2, 2, 4, 2, 4, 0, 4, 0, 0 });
list.Add(new List<int>(){ 44, 0, 0, 2, 3, 1, 1, 1, 2, 0, 1, 1, 5, 1, 0, 3, 1, 4, 4, 4, 5, 1, 2, 2, 2, 2, 3, 2, 2, 3, 4, 2, 0, 0, 2, 4, 2 });
list.Add(new List<int>(){ 40, 0, 1, 2, 3, 3, 5, 3, 2, 0, 1, 0, 3, 1, 3, 4, 4, 5, 2, 2, 5, 0, 2, 3, 2, 4, 2, 3, 2, 1, 0, 2, 0, 4, 2, 4, 2 });
list.Add(new List<int>(){ 46, 0, 1, 2, 3, 0, 0, 1, 3, 0, 1, 2, 3, 1, 4, 3, 1, 0, 1, 1, 4, 4, 1, 0, 5, 4, 5, 0, 2, 1, 3, 4, 0, 2, 2, 2, 4, 2, 3, 4 });
list.Add(new List<int>(){ 38, 0, 1, 2, 1, 4, 1, 1, 3, 5, 1, 0, 0, 1, 3, 3, 1, 0, 4, 1, 0, 5, 2, 5, 2, 2, 5, 4, 4, 3, 0, 4, 2, 3, 2, 0, 1 });
list.Add(new List<int>(){ 39, 0, 0, 2, 3, 1, 1, 3, 1, 0, 1, 4, 5, 1, 0, 3, 1, 4, 4, 2, 5, 2, 2, 5, 0, 2, 2, 2, 2, 3, 2, 2, 3, 4, 2, 4, 0, 2, 0, 0, 2, 4, 2 });
list.Add(new List<int>(){ 40, 0, 3, 2, 3, 2, 0, 1, 2, 3, 1, 4, 5, 1, 0, 0, 1, 0, 3, 4, 5, 0, 2, 2, 1, 2, 4, 3, 2, 2, 4, 2, 0, 1, 2, 3, 4 });
list.Add(new List<int>(){ 49, 0, 0, 2, 3, 1, 5, 3, 1, 4, 1, 1, 1, 1, 4, 0, 1, 4, 3, 1, 0, 3, 2, 5, 4, 2, 2, 2, 2, 3, 2, 2, 3, 0, 2, 0, 4, 2, 4, 1 });
list.Add(new List<int>(){ 39, 0, 1, 2, 3, 3, 0, 1, 1, 3, 1, 3, 3, 1, 2, 5, 1, 2, 4, 4, 5, 1, 2, 3, 1, 2, 2, 0, 2, 1, 4, 4, 0, 2, 2, 0, 0 });
list.Add(new List<int>(){ 44, 0, 1, 2, 3, 1, 3, 1, 3, 0, 1, 0, 5, 1, 0, 0, 1, 4, 5, 1, 4, 4, 2, 5, 2, 2, 3, 4, 2, 2, 0, 4, 0, 1, 4, 4, 1 });
list.Add(new List<int>(){ 38, 0, 0, 2, 3, 1, 4, 1, 4, 0, 1, 4, 1, 1, 2, 5, 1, 0, 3, 2, 5, 2, 2, 2, 1, 2, 5, 4, 2, 3, 2, 2, 3, 0, 2, 0, 4, 4, 4, 2 });
list.Add(new List<int>(){ 38, 0, 1, 2, 3, 0, 5, 3, 3, 0, 1, 2, 4, 1, 3, 5, 2, 5, 2, 2, 5, 4, 2, 1, 3, 4, 3, 1, 2, 2, 0, 4, 0, 2, 2, 0, 0 });
list.Add(new List<int>(){ 46, 0, 1, 2, 3, 1, 3, 1, 0, 0, 1, 3, 0, 1, 4, 5, 1, 0, 5, 1, 0, 1, 1, 4, 4, 2, 5, 2, 2, 3, 4, 4, 0, 2, 2, 2, 0, 4, 4, 1 });
list.Add(new List<int>(){ 48, 0, 2, 2, 3, 0, 0, 1, 1, 1, 1, 4, 5, 1, 2, 5, 1, 3, 4, 1, 0, 3, 2, 2, 3, 2, 5, 0, 2, 1, 4, 2, 3, 0, 2, 0, 1, 4, 4, 0 });
list.Add(new List<int>(){ 39, 0, 0, 2, 3, 1, 3, 1, 2, 0, 1, 4, 0, 1, 3, 5, 2, 5, 2, 2, 3, 1, 2, 1, 0, 2, 2, 4, 4, 0, 3, 4, 4, 1 });
list.Add(new List<int>(){ 41, 0, 2, 2, 3, 0, 5, 3, 0, 4, 1, 3, 1, 1, 0, 3, 1, 0, 0, 4, 3, 3, 2, 2, 0, 2, 0, 1, 2, 4, 4, 2, 4, 2 });
list.Add(new List<int>(){ 41, 0, 0, 2, 3, 0, 1, 3, 0, 0, 1, 2, 3, 1, 0, 5, 1, 3, 4, 2, 5, 3, 2, 5, 1, 4, 3, 0, 2, 2, 4, 2, 0, 3, 2, 4, 0, 2, 4, 2 });
list.Add(new List<int>(){ 42, 0, 0, 2, 3, 0, 3, 3, 2, 0, 1, 0, 5, 1, 4, 4, 4, 5, 1, 2, 3, 1, 2, 3, 3, 2, 2, 4, 2, 0, 0, 4, 4, 1 });
list.Add(new List<int>(){ 40, 0, 2, 2, 3, 0, 4, 1, 3, 1, 1, 0, 3, 1, 0, 0, 1, 0, 5, 4, 3, 3, 2, 2, 0, 2, 0, 1, 2, 4, 4, 2, 4, 2 });
list.Add(new List<int>(){ 49, 0, 0, 2, 3, 1, 4, 1, 1, 1, 1, 4, 0, 1, 2, 5, 1, 4, 3, 1, 0, 3, 2, 5, 4, 2, 2, 2, 2, 3, 2, 2, 3, 0, 2, 0, 4, 2, 4, 1 });
list.Add(new List<int>(){ 40, 0, 1, 2, 3, 0, 5, 3, 0, 4, 1, 0, 1, 1, 1, 3, 1, 3, 0, 1, 3, 3, 2, 3, 1, 2, 2, 0, 2, 3, 4, 2, 0, 2, 2, 4, 1 });
list.Add(new List<int>(){ 39, 0, 0, 2, 3, 1, 5, 1, 1, 0, 1, 3, 0, 1, 1, 4, 1, 4, 3, 1, 0, 3, 2, 5, 4, 4, 2, 1, 2, 3, 1, 2, 3, 3, 2, 0, 4 });
list.Add(new List<int>(){ 38, 0, 0, 2, 3, 1, 0, 1, 1, 3, 1, 0, 1, 1, 4, 4, 1, 0, 5, 2, 3, 1, 2, 3, 3, 2, 2, 4, 2, 0, 3, 2, 4, 0, 2, 4, 2 });
list.Add(new List<int>(){ 40, 0, 1, 2, 3, 3, 1, 3, 1, 5, 1, 0, 0, 1, 0, 3, 2, 5, 2, 2, 5, 4, 4, 3, 2, 2, 2, 0, 2, 0, 1, 2, 0, 4, 2, 4, 2 });
list.Add(new List<int>(){ 43, 0, 0, 2, 3, 1, 5, 3, 3, 0, 1, 1, 4, 1, 0, 3, 2, 5, 1, 4, 5, 3, 2, 2, 2, 2, 3, 2, 2, 1, 0, 2, 2, 0, 2, 0, 4, 2, 4, 2 });
list.Add(new List<int>(){ 38, 0, 0, 2, 1, 2, 1, 3, 1, 0, 1, 0, 5, 1, 4, 4, 1, 0, 3, 2, 5, 2, 2, 2, 2, 2, 5, 0, 2, 3, 2, 2, 3, 4, 2, 0, 0, 4, 4, 0 });
list.Add(new List<int>(){ 40, 0, 0, 2, 3, 3, 0, 1, 1, 0, 1, 1, 1, 1, 2, 5, 1, 3, 3, 1, 0, 3, 4, 5, 1, 2, 3, 1, 2, 2, 2, 2, 1, 4, 2, 4, 4, 2, 0, 0 });
list.Add(new List<int>(){ 42, 0, 2, 2, 3, 0, 4, 1, 3, 1, 1, 0, 3, 1, 0, 0, 4, 5, 0, 4, 3, 3, 2, 2, 0, 2, 0, 1, 2, 4, 4, 2, 4, 2 });
list.Add(new List<int>(){ 44, 0, 2, 2, 3, 0, 3, 3, 1, 0, 1, 2, 1, 1, 4, 0, 1, 0, 5, 4, 5, 1, 1, 4, 4, 2, 1, 1, 2, 3, 3, 2, 2, 4, 4, 0, 0 });
list.Add(new List<int>(){ 43, 0, 0, 2, 3, 3, 0, 1, 1, 3, 1, 3, 3, 1, 1, 4, 1, 0, 0, 4, 5, 1, 4, 2, 0, 2, 0, 3, 2, 3, 4 });
list.Add(new List<int>(){ 43, 0, 1, 2, 3, 1, 3, 1, 0, 0, 1, 4, 5, 1, 0, 1, 1, 3, 0, 1, 0, 5, 2, 3, 4, 4, 0, 2, 2, 2, 0, 4, 4, 1 });
list.Add(new List<int>(){ 41, 0, 0, 2, 3, 1, 1, 3, 1, 4, 1, 2, 0, 1, 4, 0, 2, 5, 1, 1, 4, 3, 2, 2, 2, 2, 5, 4, 2, 3, 2, 2, 4, 4, 2, 0, 0 });
list.Add(new List<int>(){ 45, 0, 2, 2, 3, 0, 4, 1, 3, 1, 1, 0, 3, 1, 0, 0, 1, 0, 5, 2, 5, 2, 2, 5, 0, 4, 3, 3, 2, 2, 0, 2, 0, 1, 2, 4, 4, 2, 4, 2 });
list.Add(new List<int>(){ 41, 0, 1, 2, 3, 0, 5, 1, 4, 0, 1, 4, 1, 1, 3, 3, 1, 0, 4, 4, 5, 3, 2, 2, 3, 4, 3, 0, 2, 0, 2, 2, 0, 0 });
list.Add(new List<int>(){ 38, 0, 0, 2, 3, 1, 4, 3, 0, 0, 1, 4, 1, 1, 3, 3, 1, 2, 5, 1, 0, 5, 2, 5, 2, 2, 5, 4, 4, 2, 1, 2, 0, 3, 2, 3, 0 });
list.Add(new List<int>(){ 40, 0, 0, 2, 3, 0, 0, 1, 4, 0, 1, 4, 1, 1, 2, 4, 1, 2, 5, 1, 3, 3, 1, 0, 5, 2, 5, 2, 2, 2, 2, 2, 5, 4, 4, 3, 0, 2, 0, 3, 2, 4, 4 });
list.Add(new List<int>(){ 40, 0, 0, 2, 3, 0, 5, 1, 4, 0, 1, 1, 3, 1, 3, 3, 1, 1, 4, 4, 5, 1, 4, 2, 0, 2, 1, 0, 2, 0, 3, 2, 3, 4, 2, 4, 4 });
list.Add(new List<int>(){ 41, 0, 1, 2, 3, 2, 0, 1, 4, 1, 1, 3, 5, 1, 0, 0, 1, 3, 3, 1, 0, 4, 1, 0, 5, 2, 5, 2, 2, 5, 4, 2, 3, 1, 4, 2, 3, 2, 0, 1 });
list.Add(new List<int>(){ 41, 0, 1, 2, 3, 2, 5, 3, 3, 4, 1, 2, 0, 1, 2, 1, 1, 0, 5, 2, 5, 2, 2, 2, 3, 2, 5, 0, 2, 3, 2, 4, 0, 2, 2, 1, 0, 2, 4, 0, 2, 0, 0 });
list.Add(new List<int>(){ 38, 0, 0, 2, 3, 1, 3, 3, 0, 0, 1, 3, 0, 1, 3, 1, 1, 0, 5, 1, 4, 4, 2, 5, 2, 2, 2, 1, 2, 5, 0, 2, 3, 4, 2, 0, 3, 2, 4, 2 });
list.Add(new List<int>(){ 39, 0, 0, 2, 3, 1, 0, 1, 1, 3, 1, 4, 4, 1, 0, 5, 1, 0, 1, 4, 5, 0, 2, 3, 1, 2, 3, 3, 2, 2, 4, 2, 0, 3, 2, 4, 0, 2, 4, 2 });
list.Add(new List<int>(){ 41, 0, 1, 2, 3, 1, 3, 1, 0, 0, 1, 3, 0, 1, 0, 5, 1, 0, 1, 1, 4, 4, 2, 5, 2, 2, 3, 4, 4, 0, 2, 2, 2, 0, 4, 4, 1 });
list.Add(new List<int>(){ 41, 0, 1, 2, 3, 0, 5, 3, 3, 4, 1, 2, 0, 1, 2, 1, 1, 3, 5, 2, 5, 2, 2, 2, 3, 2, 5, 0, 2, 3, 2, 4, 0, 2, 2, 1, 0, 2, 4, 0, 2, 0, 0 });
list.Add(new List<int>(){ 42, 0, 0, 2, 3, 1, 4, 3, 0, 0, 1, 4, 1, 1, 3, 3, 1, 2, 5, 1, 0, 5, 2, 5, 2, 4, 2, 1, 2, 5, 4, 2, 0, 3, 2, 3, 0, 2, 4, 4 });
list.Add(new List<int>(){ 39, 0, 1, 2, 3, 0, 5, 3, 3, 4, 1, 2, 0, 1, 2, 1, 1, 3, 5, 2, 5, 2, 2, 5, 0, 2, 2, 3, 2, 3, 2, 4, 0, 2, 2, 1, 0, 2, 0, 0 });
list.Add(new List<int>(){ 42, 0, 0, 2, 3, 2, 0, 1, 1, 5, 1, 1, 1, 1, 4, 4, 1, 3, 5, 1, 0, 3, 2, 2, 2, 2, 3, 1, 2, 3, 3, 2, 0, 0, 4, 4, 1 });
list.Add(new List<int>(){ 45, 0, 0, 2, 3, 1, 1, 3, 1, 0, 1, 1, 5, 1, 0, 3, 1, 4, 4, 4, 5, 1, 2, 2, 2, 2, 3, 2, 2, 3, 4, 2, 0, 0, 2, 4, 2 });
list.Add(new List<int>(){ 39, 0, 0, 2, 3, 1, 4, 3, 0, 0, 1, 3, 1, 1, 3, 3, 1, 2, 5, 1, 0, 5, 2, 5, 2, 4, 2, 1, 2, 5, 0, 2, 0, 3, 2, 4, 4 });
list.Add(new List<int>(){ 38, 0, 0, 2, 3, 0, 3, 3, 2, 0, 1, 4, 4, 1, 0, 5, 2, 3, 1, 2, 3, 3, 2, 2, 4, 2, 0, 0, 4, 4, 1 });
list.Add(new List<int>(){ 43, 0, 0, 2, 3, 1, 1, 3, 1, 4, 1, 2, 0, 1, 4, 0, 1, 2, 5, 2, 5, 1, 1, 4, 3, 2, 2, 2, 2, 5, 4, 2, 3, 2, 2, 4, 4, 2, 0, 0 });
list.Add(new List<int>(){ 41, 0, 0, 2, 3, 0, 5, 3, 1, 0, 1, 1, 3, 1, 3, 1, 1, 4, 4, 2, 5, 2, 2, 5, 0, 2, 2, 1, 2, 3, 2, 2, 3, 4, 2, 0, 0 });
list.Add(new List<int>(){ 39, 0, 1, 2, 3, 0, 4, 1, 3, 1, 1, 2, 5, 1, 0, 0, 1, 0, 5, 2, 5, 2, 2, 5, 0, 4, 3, 2, 2, 2, 0, 2, 0, 1, 2, 4, 4, 2, 4, 2 });
list.Add(new List<int>(){ 38, 3, 1, 3, 0, 3, 2, 1, 4, 0, 2, 5, 1, 1, 2, 5, 1, 2, 4, 2, 5, 3, 2, 2, 1, 2, 3, 0, 2, 1, 4, 2, 0, 3, 2, 0, 1, 4, 4, 3 });
list.Add(new List<int>(){ 39, 0, 0, 2, 3, 2, 5, 3, 1, 0, 1, 1, 3, 1, 0, 5, 1, 4, 4, 2, 5, 2, 2, 2, 1, 2, 5, 0, 2, 3, 3, 2, 3, 1, 2, 0, 0, 2, 4, 1 });
list.Add(new List<int>(){ 44, 0, 0, 2, 3, 2, 0, 1, 1, 5, 1, 1, 1, 1, 4, 4, 1, 3, 5, 1, 0, 3, 4, 5, 0, 2, 2, 2, 2, 3, 1, 2, 3, 3, 2, 0, 0, 4, 4, 1 });
list.Add(new List<int>(){ 38, 0, 0, 2, 3, 2, 3, 1, 4, 0, 1, 1, 5, 1, 4, 4, 4, 5, 1, 2, 1, 3, 4, 2, 0, 2, 3, 4, 2, 0, 4, 2, 0, 0, 2, 4, 1 });
list.Add(new List<int>(){ 43, 0, 0, 2, 3, 1, 1, 3, 1, 0, 1, 1, 5, 1, 4, 4, 1, 0, 3, 2, 2, 2, 2, 3, 2, 2, 3, 4, 2, 0, 0, 4, 4, 1 });
list.Add(new List<int>(){ 41, 0, 0, 2, 3, 2, 5, 3, 1, 4, 3, 3, 0, 1, 2, 3, 1, 4, 1, 1, 0, 5, 2, 5, 2, 4, 2, 0, 2, 5, 4, 2, 3, 1, 2, 4, 3, 2, 0, 3 });
list.Add(new List<int>(){ 44, 0, 0, 2, 3, 0, 5, 3, 3, 0, 1, 2, 1, 1, 1, 0, 1, 1, 4, 1, 3, 3, 1, 0, 3, 4, 5, 1, 2, 2, 2, 2, 3, 4, 2, 0, 0, 2, 4, 1 });
list.Add(new List<int>(){ 38, 0, 0, 2, 3, 3, 1, 3, 0, 5, 1, 4, 0, 1, 1, 0, 1, 2, 3, 1, 2, 4, 2, 5, 2, 2, 1, 3, 2, 2, 1, 2, 5, 4, 4, 4, 3, 2, 0, 0 });
list.Add(new List<int>(){ 42, 0, 0, 2, 3, 2, 5, 3, 3, 0, 1, 2, 4, 1, 0, 3, 4, 5, 2, 2, 2, 2, 2, 3, 2, 2, 2, 0, 2, 1, 4, 2, 0, 4, 2, 4, 2 });
list.Add(new List<int>(){ 42, 0, 0, 2, 3, 1, 1, 1, 2, 0, 1, 1, 5, 4, 5, 1, 1, 4, 4, 1, 0, 3, 2, 2, 2, 2, 3, 2, 2, 3, 4, 2, 0, 0 });
list.Add(new List<int>(){ 44, 0, 1, 2, 3, 1, 3, 1, 0, 0, 1, 3, 0, 1, 4, 5, 1, 0, 5, 1, 4, 4, 1, 0, 1, 2, 3, 4, 4, 0, 2, 2, 2, 0, 4, 4, 1 });
list.Add(new List<int>(){ 43, 0, 0, 2, 3, 1, 3, 1, 2, 0, 1, 4, 0, 1, 4, 1, 1, 3, 5, 2, 3, 1, 4, 5, 3, 2, 1, 0, 2, 2, 4, 4, 0, 3, 4, 4, 2 });
list.Add(new List<int>(){ 39, 0, 0, 2, 3, 1, 3, 1, 2, 0, 1, 4, 0, 1, 3, 4, 2, 5, 2, 2, 3, 1, 2, 1, 0, 2, 2, 4, 4, 0, 3, 4, 4, 1 });
list.Add(new List<int>(){ 46, 0, 2, 2, 3, 0, 0, 1, 1, 1, 1, 4, 5, 1, 2, 5, 1, 3, 4, 1, 0, 3, 2, 2, 3, 2, 1, 4, 2, 3, 0, 2, 0, 1, 4, 4, 0 });
list.Add(new List<int>(){ 41, 0, 0, 2, 3, 2, 5, 3, 3, 0, 1, 2, 4, 1, 0, 3, 2, 5, 1, 4, 5, 3, 2, 2, 2, 2, 1, 4, 2, 2, 0, 2, 4, 2 });
list.Add(new List<int>(){ 42, 0, 2, 2, 3, 0, 3, 3, 1, 0, 1, 4, 0, 4, 5, 1, 1, 0, 5, 1, 4, 4, 2, 1, 1, 2, 3, 3, 2, 2, 4, 4, 0, 0 });
list.Add(new List<int>(){ 41, 0, 0, 2, 3, 0, 1, 1, 2, 3, 1, 0, 0, 1, 0, 5, 1, 3, 4, 2, 5, 3, 2, 5, 1, 4, 3, 0, 2, 2, 4, 2, 0, 3, 2, 4, 0, 2, 4, 2 });
list.Add(new List<int>(){ 42, 0, 0, 2, 3, 1, 1, 1, 2, 0, 1, 1, 5, 1, 4, 4, 1, 0, 3, 2, 2, 2, 2, 3, 2, 2, 3, 4, 2, 0, 0, 4, 4, 1 });
list.Add(new List<int>(){ 41, 0, 2, 2, 3, 0, 4, 1, 3, 1, 1, 0, 3, 1, 0, 0, 2, 5, 0, 4, 3, 3, 2, 2, 0, 2, 0, 1, 2, 4, 4, 2, 4, 2 });
list.Add(new List<int>(){ 41, 0, 0, 2, 3, 2, 5, 3, 1, 4, 3, 0, 0, 1, 4, 1, 1, 3, 3, 1, 0, 5, 2, 5, 2, 4, 2, 1, 2, 5, 4, 2, 0, 3, 2, 3, 0 });
list.Add(new List<int>(){ 39, 0, 0, 2, 3, 2, 5, 3, 1, 0, 1, 4, 0, 1, 1, 3, 1, 3, 1, 1, 1, 4, 1, 0, 5, 2, 5, 1, 4, 5, 3, 2, 2, 1, 2, 0, 3, 2, 4, 2 });
list.Add(new List<int>(){ 38, 0, 1, 2, 3, 0, 3, 1, 2, 0, 1, 4, 0, 1, 2, 1, 1, 3, 4, 2, 5, 2, 2, 3, 2, 2, 2, 4, 2, 1, 0, 4, 0, 0, 4, 4, 1 });
list.Add(new List<int>(){ 42, 0, 0, 2, 3, 0, 5, 1, 2, 0, 1, 2, 1, 1, 4, 0, 2, 5, 1, 1, 0, 4, 1, 3, 3, 2, 5, 3, 4, 2, 2, 2, 3, 4, 2, 0, 0 });
list.Add(new List<int>(){ 39, 0, 0, 2, 3, 2, 0, 1, 0, 0, 1, 1, 5, 1, 4, 3, 1, 2, 3, 1, 0, 1, 4, 5, 0, 2, 3, 1, 2, 1, 3, 2, 4, 4, 4, 0, 3 });
list.Add(new List<int>(){ 43, 0, 0, 2, 3, 1, 3, 1, 2, 0, 1, 4, 0, 1, 4, 1, 1, 3, 5, 2, 3, 1, 2, 5, 4, 2, 1, 0, 2, 2, 4, 4, 0, 3, 4, 4, 2 });
list.Add(new List<int>(){ 39, 0, 0, 2, 3, 3, 0, 1, 1, 0, 1, 1, 5, 1, 4, 1, 1, 3, 5, 1, 3, 3, 4, 5, 3, 2, 1, 3, 4, 2, 1, 2, 3, 1, 2, 0, 0 });
list.Add(new List<int>(){ 38, 0, 1, 2, 3, 0, 3, 1, 2, 0, 1, 2, 1, 1, 4, 0, 1, 3, 5, 1, 3, 4, 2, 3, 2, 2, 2, 4, 4, 0, 0, 2, 1, 0, 4, 4, 1 });
list.Add(new List<int>(){ 45, 0, 1, 2, 3, 1, 3, 1, 3, 0, 1, 0, 5, 1, 0, 0, 1, 4, 5, 1, 4, 4, 4, 5, 1, 2, 3, 4, 2, 2, 0, 4, 0, 1, 4, 4, 1 });
list.Add(new List<int>(){ 42, 0, 3, 2, 3, 2, 5, 3, 0, 0, 1, 4, 4, 4, 5, 0, 1, 0, 3, 2, 2, 1, 2, 2, 3, 2, 3, 3, 2, 1, 4, 2, 0, 4 });
list.Add(new List<int>(){ 41, 0, 0, 2, 3, 0, 1, 3, 1, 5, 3, 0, 0, 1, 3, 0, 1, 2, 4, 1, 3, 3, 2, 5, 2, 2, 5, 0, 2, 2, 2, 2, 3, 1, 2, 4, 4, 2, 0, 4 });
list.Add(new List<int>(){ 41, 0, 0, 2, 3, 2, 5, 3, 1, 0, 1, 3, 1, 1, 4, 0, 1, 1, 3, 1, 1, 4, 1, 0, 5, 2, 5, 1, 4, 5, 3, 2, 2, 1, 2, 3, 2, 2, 0, 3, 2, 4, 2 });
list.Add(new List<int>(){ 39, 0, 2, 2, 3, 0, 4, 1, 3, 1, 1, 0, 3, 1, 0, 0, 4, 3, 3, 2, 2, 0, 2, 0, 1, 2, 4, 4, 2, 4, 2 });
list.Add(new List<int>(){ 42, 0, 1, 2, 3, 0, 5, 1, 2, 0, 1, 3, 5, 1, 3, 4, 2, 5, 1, 2, 2, 3, 2, 3, 1, 4, 5, 3, 2, 1, 0, 4, 0, 0, 2, 4, 0, 2, 4, 2 });
list.Add(new List<int>(){ 42, 0, 2, 2, 3, 0, 4, 1, 3, 1, 1, 0, 3, 1, 0, 0, 1, 0, 5, 2, 5, 0, 4, 3, 3, 2, 2, 0, 2, 0, 1, 2, 4, 4, 2, 4, 2 });
list.Add(new List<int>(){ 38, 0, 2, 2, 3, 1, 0, 1, 2, 1, 1, 4, 0, 1, 1, 5, 1, 3, 3, 1, 0, 3, 1, 4, 4, 4, 5, 1, 2, 2, 3, 2, 1, 1, 4, 0, 0, 2, 3, 4, 2, 0, 4 });
list.Add(new List<int>(){ 40, 0, 0, 2, 3, 1, 3, 1, 3, 0, 1, 1, 4, 4, 5, 0, 4, 2, 0, 2, 3, 1, 2, 3, 4, 2, 0, 3, 2, 4, 2 });
list.Add(new List<int>(){ 38, 0, 2, 2, 3, 1, 5, 1, 1, 3, 1, 0, 0, 1, 4, 4, 4, 5, 1, 2, 1, 1, 2, 3, 3, 2, 2, 0, 2, 0, 1, 2, 3, 0, 4, 0, 3, 2, 4, 1 });
list.Add(new List<int>(){ 40, 0, 3, 2, 1, 4, 1, 1, 1, 0, 1, 2, 5, 1, 0, 5, 1, 3, 3, 1, 3, 4, 2, 5, 2, 2, 2, 1, 2, 2, 3, 2, 5, 4, 2, 3, 0, 2, 0, 2, 2, 0, 0 });
list.Add(new List<int>(){ 39, 0, 1, 2, 3, 1, 5, 3, 0, 4, 1, 3, 1, 1, 0, 0, 2, 5, 2, 2, 5, 0, 4, 3, 2, 2, 2, 0, 2, 0, 1, 2, 4, 4, 2, 4, 2 });
list.Add(new List<int>(){ 44, 0, 2, 2, 3, 0, 4, 1, 3, 1, 1, 0, 3, 1, 0, 0, 1, 0, 5, 4, 5, 0, 4, 3, 3, 2, 2, 0, 2, 0, 1, 2, 4, 4, 2, 4, 2 });
list.Add(new List<int>(){ 43, 0, 0, 2, 3, 2, 0, 1, 1, 1, 1, 1, 5, 1, 4, 4, 1, 3, 5, 1, 0, 3, 2, 5, 0, 2, 3, 1, 2, 2, 2, 2, 3, 3, 2, 0, 0, 4, 4, 1 });
list.Add(new List<int>(){ 39, 0, 0, 2, 3, 0, 0, 1, 1, 3, 1, 0, 1, 1, 4, 3, 1, 0, 5, 1, 3, 4, 2, 5, 4, 2, 5, 0, 2, 3, 2, 2, 3, 0, 2, 2, 4, 2, 0, 3, 2, 4, 0 });
list.Add(new List<int>(){ 38, 0, 2, 2, 3, 3, 5, 1, 1, 3, 1, 0, 0, 1, 4, 4, 4, 5, 1, 2, 1, 1, 2, 3, 3, 2, 3, 0, 2, 2, 4, 4, 0, 1, 2, 4, 1 });
list.Add(new List<int>(){ 39, 0, 0, 2, 1, 1, 0, 1, 1, 5, 1, 1, 1, 1, 3, 0, 1, 4, 3, 1, 3, 5, 1, 4, 4, 4, 2, 2, 2, 5, 0, 2, 3, 1, 2, 3, 3, 2, 0, 0 });
list.Add(new List<int>(){ 40, 0, 0, 2, 3, 1, 3, 1, 2, 0, 1, 4, 0, 1, 3, 5, 4, 5, 3, 2, 3, 1, 2, 1, 0, 2, 2, 4, 4, 0, 3, 4, 4, 1 });
list.Add(new List<int>(){ 39, 0, 1, 2, 3, 2, 5, 3, 3, 4, 1, 2, 0, 1, 2, 1, 1, 0, 5, 2, 5, 2, 2, 5, 0, 2, 2, 3, 2, 3, 2, 4, 0, 2, 2, 1, 0, 2, 0, 0 });
list.Add(new List<int>(){ 38, 0, 0, 2, 3, 1, 4, 1, 4, 0, 1, 4, 1, 1, 2, 5, 1, 0, 3, 2, 5, 2, 2, 2, 1, 2, 3, 2, 2, 5, 4, 2, 3, 0, 2, 4, 4, 2, 0, 4, 2, 4, 2 });
list.Add(new List<int>(){ 45, 0, 0, 2, 3, 1, 3, 1, 4, 5, 1, 3, 0, 1, 1, 4, 1, 0, 5, 4, 5, 0, 4, 2, 0, 2, 3, 1, 2, 3, 4, 2, 0, 3, 2, 4, 2 });
list.Add(new List<int>(){ 41, 0, 0, 2, 3, 1, 0, 1, 1, 3, 1, 0, 5, 1, 0, 1, 1, 4, 4, 2, 5, 2, 2, 3, 1, 2, 5, 0, 2, 3, 3, 2, 2, 4, 2, 0, 3, 2, 4, 0, 2, 4, 2 });
list.Add(new List<int>(){ 42, 0, 0, 2, 3, 0, 5, 1, 1, 0, 1, 4, 0, 1, 3, 3, 4, 5, 1, 1, 4, 4, 4, 2, 1, 2, 3, 4, 2, 3, 0, 2, 0, 0 });
list.Add(new List<int>(){ 39, 0, 2, 2, 1, 1, 3, 1, 4, 0, 1, 0, 5, 1, 3, 3, 1, 3, 5, 1, 3, 4, 4, 5, 1, 2, 1, 1, 2, 3, 0, 2, 2, 4, 4, 0, 1, 2, 4, 1 });
list.Add(new List<int>(){ 38, 0, 1, 2, 3, 3, 1, 3, 1, 5, 1, 0, 0, 1, 0, 3, 2, 5, 2, 2, 5, 4, 4, 3, 2, 2, 2, 0, 2, 0, 1, 2, 0, 4 });
list.Add(new List<int>(){ 42, 0, 0, 2, 3, 1, 1, 3, 1, 5, 3, 1, 4, 1, 2, 0, 1, 4, 0, 2, 5, 1, 1, 4, 3, 2, 5, 4, 2, 2, 2, 2, 3, 2, 2, 0, 0 });
list.Add(new List<int>(){ 38, 0, 0, 2, 3, 1, 3, 1, 3, 0, 1, 1, 4, 4, 5, 0, 4, 2, 0, 2, 3, 1, 2, 3, 4, 2, 0, 3 });
list.Add(new List<int>(){ 41, 0, 0, 2, 3, 1, 5, 3, 3, 0, 1, 1, 4, 2, 5, 1, 1, 0, 3, 4, 5, 3, 2, 2, 2, 2, 3, 2, 2, 2, 0, 2, 0, 4 });
list.Add(new List<int>(){ 42, 0, 1, 2, 3, 1, 3, 1, 3, 0, 1, 0, 5, 1, 0, 0, 1, 4, 5, 1, 4, 4, 2, 3, 4, 2, 2, 0, 4, 0, 1, 4, 4, 1 });
list.Add(new List<int>(){ 39, 0, 0, 2, 3, 1, 3, 1, 2, 0, 1, 4, 0, 1, 3, 5, 1, 3, 4, 2, 3, 1, 2, 1, 0, 2, 2, 4, 4, 0, 3, 4, 4, 1 });
list.Add(new List<int>(){ 43, 0, 1, 2, 3, 1, 3, 1, 4, 5, 1, 3, 0, 1, 0, 5, 1, 0, 0, 2, 5, 2, 2, 3, 4, 2, 2, 0, 4, 0, 1, 4, 4, 1 });
list.Add(new List<int>(){ 39, 3, 1, 3, 3, 0, 5, 0, 3, 2, 1, 1, 0, 1, 4, 1, 1, 0, 4, 2, 5, 2, 2, 5, 4, 2, 2, 1, 2, 1, 1, 2, 3, 0, 2, 0, 2, 2, 0, 0 });
list.Add(new List<int>(){ 38, 0, 0, 2, 3, 0, 1, 1, 2, 3, 1, 0, 0, 1, 0, 5, 1, 3, 4, 2, 5, 3, 4, 3, 0, 2, 2, 4, 2, 0, 3, 2, 4, 0, 2, 4, 2 });
list.Add(new List<int>(){ 41, 0, 0, 2, 3, 1, 3, 1, 2, 0, 1, 4, 0, 1, 3, 5, 1, 3, 4, 2, 5, 2, 2, 3, 1, 2, 1, 0, 2, 2, 4, 4, 0, 3, 4, 4, 1 });
list.Add(new List<int>(){ 38, 0, 1, 2, 3, 3, 5, 3, 2, 0, 4, 5, 2, 1, 0, 3, 1, 3, 4, 2, 5, 0, 2, 3, 2, 4, 2, 3, 2, 1, 0, 2, 0, 4 });
list.Add(new List<int>(){ 39, 0, 1, 2, 3, 1, 3, 1, 3, 0, 1, 0, 5, 1, 0, 0, 1, 4, 4, 2, 5, 2, 2, 3, 4, 2, 2, 0, 4, 0, 1, 4, 4, 1 });
list.Add(new List<int>(){ 49, 0, 2, 2, 3, 0, 0, 1, 1, 1, 1, 4, 5, 1, 2, 5, 1, 3, 4, 1, 0, 3, 4, 5, 0, 2, 2, 3, 2, 1, 4, 2, 3, 0, 2, 0, 1, 4, 4, 0 });
list.Add(new List<int>(){ 40, 0, 1, 2, 1, 1, 5, 3, 0, 0, 1, 1, 1, 1, 3, 5, 1, 0, 3, 1, 3, 4, 4, 5, 2, 2, 2, 3, 2, 3, 2, 2, 3, 0, 2, 0, 1, 2, 4, 2 });
list.Add(new List<int>(){ 38, 0, 0, 2, 3, 0, 5, 3, 1, 0, 1, 2, 3, 1, 4, 0, 1, 1, 4, 1, 3, 1, 2, 5, 1, 2, 2, 1, 4, 5, 3, 2, 0, 3, 2, 3, 4, 4, 4, 3 });
list.Add(new List<int>(){ 43, 0, 0, 2, 3, 1, 5, 3, 3, 0, 1, 1, 4, 1, 0, 3, 2, 5, 1, 4, 5, 3, 2, 2, 2, 2, 3, 2, 2, 2, 0, 2, 0, 4, 2, 4, 2 });
list.Add(new List<int>(){ 48, 0, 0, 2, 3, 3, 5, 3, 3, 0, 1, 1, 1, 1, 3, 3, 4, 5, 1, 1, 3, 4, 2, 2, 2, 2, 3, 1, 2, 2, 4, 2, 0, 0 });
list.Add(new List<int>(){ 47, 0, 1, 2, 3, 1, 3, 1, 0, 0, 1, 3, 0, 1, 4, 5, 1, 0, 5, 1, 0, 1, 1, 4, 4, 4, 5, 1, 2, 3, 4, 4, 0, 2, 2, 2, 0, 4, 4, 1 });
list.Add(new List<int>(){ 38, 0, 0, 2, 3, 1, 5, 3, 1, 4, 1, 4, 0, 1, 4, 1, 1, 0, 3, 2, 5, 2, 2, 2, 1, 2, 3, 2, 2, 5, 4, 2, 3, 0, 2, 4, 4, 2, 0, 4, 2, 4, 2 });
list.Add(new List<int>(){ 46, 3, 3, 5, 0, 3, 2, 1, 2, 0, 1, 1, 3, 4, 5, 2, 2, 2, 1, 2, 5, 0, 2, 3, 3, 2, 2, 4, 4, 0, 2, 2, 4, 0, 2, 1, 0, 2, 0, 0 });
list.Add(new List<int>(){ 39, 0, 1, 2, 3, 1, 3, 1, 3, 0, 1, 0, 5, 1, 0, 0, 1, 4, 4, 4, 5, 1, 2, 3, 4, 2, 2, 0, 4, 0, 1, 4, 4, 1 });
list.Add(new List<int>(){ 38, 0, 0, 2, 3, 0, 3, 3, 3, 0, 4, 5, 1, 1, 0, 5, 1, 4, 4, 2, 3, 1, 2, 3, 3, 2, 2, 4, 2, 0, 0 });
list.Add(new List<int>(){ 39, 0, 0, 2, 3, 1, 0, 1, 1, 3, 1, 0, 1, 1, 4, 4, 1, 0, 5, 2, 3, 1, 2, 5, 0, 2, 3, 3, 2, 2, 4, 2, 0, 3, 2, 4, 0, 2, 4, 2 });
list.Add(new List<int>(){ 38, 0, 0, 2, 1, 1, 0, 1, 1, 1, 1, 4, 5, 1, 1, 5, 1, 3, 3, 2, 5, 2, 2, 5, 0, 4, 2, 2, 4, 3, 0, 2, 0, 0 });
list.Add(new List<int>(){ 42, 0, 0, 2, 3, 1, 1, 1, 1, 5, 1, 0, 3, 1, 4, 4, 4, 5, 1, 2, 2, 2, 2, 3, 2, 2, 3, 4, 2, 0, 0, 4, 4, 1 });
list.Add(new List<int>(){ 40, 0, 1, 2, 3, 0, 3, 1, 2, 0, 1, 2, 1, 1, 4, 0, 1, 3, 5, 1, 3, 4, 2, 5, 2, 2, 3, 2, 2, 2, 4, 4, 0, 0, 2, 1, 0, 4, 4, 1 });
list.Add(new List<int>(){ 38, 0, 2, 2, 1, 1, 1, 3, 0, 0, 1, 2, 3, 1, 0, 5, 1, 3, 4, 2, 5, 1, 2, 5, 3, 2, 1, 2, 2, 2, 4, 2, 3, 0, 2, 0, 1, 2, 0, 3, 4, 4, 1 });
list.Add(new List<int>(){ 45, 0, 1, 2, 3, 1, 3, 1, 0, 0, 1, 4, 5, 1, 0, 1, 1, 3, 0, 1, 0, 5, 2, 5, 2, 2, 3, 4, 4, 0, 2, 2, 2, 0, 4, 4, 1 });
list.Add(new List<int>(){ 44, 0, 2, 2, 3, 0, 4, 1, 3, 1, 1, 0, 3, 1, 0, 0, 2, 5, 2, 2, 5, 0, 4, 3, 3, 2, 2, 0, 2, 0, 1, 2, 4, 4, 2, 4, 2 });
list.Add(new List<int>(){ 41, 0, 0, 2, 3, 0, 3, 3, 3, 0, 4, 5, 1, 1, 0, 5, 1, 4, 4, 1, 3, 5, 2, 3, 1, 2, 3, 3, 2, 2, 4, 2, 0, 0 });
list.Add(new List<int>(){ 40, 0, 0, 2, 3, 1, 1, 1, 1, 5, 1, 4, 4, 1, 0, 3, 2, 2, 2, 2, 3, 2, 2, 3, 4, 2, 0, 0, 4, 4, 1 });
list.Add(new List<int>(){ 42, 0, 0, 2, 3, 1, 3, 1, 2, 0, 1, 4, 0, 1, 3, 5, 1, 3, 4, 4, 5, 2, 2, 3, 1, 2, 1, 0, 2, 2, 4, 4, 0, 3, 4, 4, 1 });
list.Add(new List<int>(){ 38, 0, 1, 2, 3, 0, 5, 1, 4, 3, 1, 0, 0, 1, 0, 3, 1, 3, 4, 2, 5, 0, 2, 2, 3, 2, 5, 4, 4, 3, 1, 2, 2, 0, 2, 0, 1 });
list.Add(new List<int>(){ 40, 0, 1, 2, 3, 0, 5, 3, 3, 0, 1, 2, 4, 1, 3, 5, 2, 5, 2, 2, 1, 3, 4, 3, 1, 2, 5, 4, 2, 4, 3, 2, 2, 0, 4, 0, 2, 2, 0, 0 });
list.Add(new List<int>(){ 38, 0, 0, 2, 3, 3, 1, 3, 0, 5, 3, 3, 0, 1, 1, 0, 1, 2, 3, 1, 2, 4, 2, 5, 2, 2, 1, 3, 2, 2, 1, 2, 5, 4, 4, 4, 3, 2, 0, 0 });
list.Add(new List<int>(){ 43, 0, 0, 2, 1, 4, 0, 1, 3, 1, 1, 1, 4, 1, 1, 5, 1, 3, 3, 1, 0, 0, 2, 5, 1, 2, 5, 3, 2, 2, 2, 2, 2, 0, 2, 3, 4, 4, 0, 3 });
list.Add(new List<int>(){ 41, 0, 1, 2, 3, 1, 3, 1, 4, 5, 1, 3, 0, 1, 0, 5, 1, 0, 0, 2, 3, 4, 2, 2, 0, 4, 0, 1, 4, 4, 1 });
list.Add(new List<int>(){ 49, 0, 0, 2, 3, 3, 0, 4, 5, 2, 1, 2, 5, 1, 3, 3, 1, 0, 3, 1, 2, 4, 2, 2, 2, 2, 3, 1, 2, 1, 4, 2, 2, 0 });
list.Add(new List<int>(){ 39, 0, 1, 2, 3, 0, 4, 1, 2, 5, 1, 3, 1, 1, 0, 0, 2, 5, 2, 2, 5, 0, 4, 3, 2, 2, 2, 0, 2, 0, 1, 2, 4, 4, 2, 4, 2 });
list.Add(new List<int>(){ 41, 0, 1, 2, 3, 0, 3, 1, 2, 0, 1, 4, 0, 1, 2, 1, 1, 3, 5, 1, 3, 4, 4, 5, 2, 2, 3, 2, 2, 2, 4, 2, 1, 0, 4, 0, 0, 4, 4, 1 });
list.Add(new List<int>(){ 41, 0, 0, 2, 3, 1, 5, 1, 2, 0, 1, 1, 4, 1, 4, 3, 4, 5, 0, 4, 2, 1, 2, 3, 1, 2, 3, 3, 2, 1, 0, 2, 4, 0, 2, 0, 4 });
list.Add(new List<int>(){ 41, 0, 0, 2, 3, 1, 3, 1, 3, 0, 1, 1, 4, 1, 0, 5, 4, 5, 0, 4, 2, 0, 2, 3, 1, 2, 3, 4, 2, 0, 3 });
list.Add(new List<int>(){ 46, 0, 0, 2, 3, 2, 0, 1, 1, 5, 1, 1, 1, 1, 3, 5, 1, 0, 3, 1, 4, 4, 2, 5, 2, 2, 2, 2, 2, 5, 0, 2, 3, 1, 2, 3, 3, 2, 0, 0, 4, 4, 1 });
list.Add(new List<int>(){ 43, 0, 0, 2, 3, 1, 1, 3, 1, 0, 1, 1, 5, 4, 5, 1, 1, 4, 4, 1, 0, 3, 2, 2, 2, 2, 3, 2, 2, 3, 4, 2, 0, 0 });
list.Add(new List<int>(){ 38, 0, 0, 2, 3, 1, 5, 3, 1, 4, 1, 4, 0, 1, 4, 1, 1, 0, 3, 2, 5, 2, 2, 2, 1, 2, 5, 4, 2, 3, 2, 2, 3, 0, 2, 0, 4, 4, 4, 2 });
list.Add(new List<int>(){ 39, 0, 1, 2, 3, 0, 5, 3, 3, 0, 1, 1, 3, 1, 2, 4, 1, 3, 5, 1, 0, 1, 1, 0, 4, 4, 5, 3, 2, 5, 1, 2, 3, 1, 2, 2, 0, 2, 0, 2, 2, 4, 1 });
list.Add(new List<int>(){ 38, 0, 1, 2, 3, 1, 1, 3, 3, 4, 3, 0, 5, 3, 2, 0, 1, 0, 0, 1, 3, 5, 1, 0, 3, 2, 5, 0, 2, 2, 3, 2, 3, 2, 2, 0, 1 });
list.Add(new List<int>(){ 39, 3, 0, 3, 0, 3, 2, 1, 1, 0, 1, 0, 5, 1, 4, 4, 1, 3, 5, 4, 5, 1, 2, 2, 1, 2, 3, 3, 2, 2, 4, 2, 4, 0, 4, 0, 0 });
list.Add(new List<int>(){ 41, 0, 1, 2, 1, 1, 5, 3, 0, 0, 1, 1, 1, 1, 3, 5, 1, 0, 3, 2, 5, 1, 1, 3, 4, 2, 5, 3, 2, 2, 3, 2, 3, 2, 2, 3, 0, 2, 0, 1, 2, 4, 2 });
list.Add(new List<int>(){ 41, 0, 1, 2, 3, 1, 3, 1, 0, 0, 1, 3, 0, 1, 0, 5, 1, 4, 4, 1, 0, 1, 4, 5, 1, 2, 3, 4, 4, 0, 2, 2, 2, 0, 4, 4, 1 });
list.Add(new List<int>(){ 42, 0, 0, 2, 3, 1, 1, 1, 1, 5, 1, 0, 3, 1, 4, 4, 4, 5, 1, 2, 2, 2, 2, 3, 2, 2, 3, 4, 2, 0, 0, 2, 4, 2 });
list.Add(new List<int>(){ 38, 0, 0, 2, 3, 0, 5, 3, 1, 0, 1, 2, 1, 1, 4, 0, 1, 1, 4, 1, 3, 3, 2, 5, 1, 1, 0, 1, 4, 5, 3, 2, 2, 2, 2, 0, 3, 2, 3, 4, 2, 4, 4 });
list.Add(new List<int>(){ 39, 0, 0, 2, 3, 1, 1, 3, 1, 4, 1, 2, 0, 1, 4, 0, 2, 5, 1, 1, 4, 3, 2, 5, 4, 2, 2, 2, 2, 3, 2, 2, 0, 0 });
list.Add(new List<int>(){ 48, 0, 0, 2, 3, 3, 0, 4, 5, 2, 1, 2, 4, 1, 3, 3, 1, 0, 3, 2, 2, 2, 2, 3, 1, 2, 2, 0, 2, 1, 4, 2, 0, 4 });
list.Add(new List<int>(){ 40, 0, 2, 2, 1, 4, 1, 1, 0, 0, 1, 2, 3, 1, 3, 5, 1, 0, 5, 1, 0, 4, 2, 5, 2, 2, 1, 2, 2, 5, 4, 2, 3, 0, 4, 0, 1, 2, 2, 4, 4, 4, 2 });
list.Add(new List<int>(){ 42, 3, 0, 3, 0, 3, 2, 1, 1, 0, 1, 0, 5, 1, 4, 4, 4, 5, 1, 2, 2, 1, 2, 3, 3, 2, 1, 1, 2, 2, 4, 2, 4, 0, 4, 0, 0 });
list.Add(new List<int>(){ 38, 0, 1, 2, 3, 3, 5, 3, 2, 0, 1, 4, 1, 1, 0, 0, 1, 0, 4, 4, 5, 2, 1, 3, 3, 2, 3, 1, 4, 2, 3, 2, 0, 1 });
list.Add(new List<int>(){ 40, 0, 1, 2, 3, 0, 4, 1, 1, 3, 1, 3, 0, 1, 0, 1, 1, 3, 3, 1, 0, 5, 2, 3, 1, 2, 2, 0, 2, 3, 4, 2, 0, 2, 2, 4, 1 });
list.Add(new List<int>(){ 40, 0, 1, 2, 3, 0, 5, 3, 3, 0, 1, 2, 4, 1, 3, 5, 2, 5, 2, 2, 1, 3, 4, 3, 1, 2, 5, 4, 2, 4, 3, 2, 2, 0, 4, 0, 0 });
list.Add(new List<int>(){ 45, 0, 0, 2, 3, 3, 5, 1, 1, 0, 1, 2, 3, 1, 0, 3, 2, 5, 2, 2, 2, 1, 2, 5, 0, 4, 3, 0, 2, 2, 4, 2, 4, 0, 2, 0, 0 });
list.Add(new List<int>(){ 40, 0, 0, 2, 3, 2, 5, 3, 3, 0, 1, 2, 4, 1, 0, 3, 4, 5, 2, 2, 2, 2, 2, 3, 2, 2, 1, 4, 2, 2, 0, 2, 4, 2 });
list.Add(new List<int>(){ 38, 0, 0, 2, 3, 1, 0, 1, 1, 5, 1, 1, 3, 1, 3, 1, 1, 4, 4, 2, 5, 2, 2, 5, 0, 2, 2, 1, 2, 3, 2, 2, 3, 4, 2, 0, 0, 2, 4, 2 });
list.Add(new List<int>(){ 41, 3, 2, 1, 0, 3, 2, 3, 1, 0, 1, 4, 0, 1, 1, 5, 1, 0, 1, 1, 4, 4, 1, 3, 5, 1, 0, 3, 4, 5, 1, 2, 2, 2, 2, 3, 3, 2, 0, 4 });
list.Add(new List<int>(){ 38, 0, 1, 2, 3, 3, 0, 1, 4, 1, 1, 2, 4, 1, 2, 5, 1, 0, 5, 2, 5, 2, 2, 1, 3, 2, 3, 1, 2, 5, 4, 2, 2, 0, 4, 4, 3, 4, 0, 0 });
list.Add(new List<int>(){ 44, 0, 3, 2, 1, 1, 0, 1, 1, 5, 1, 3, 5, 1, 4, 4, 1, 0, 3, 2, 5, 2, 2, 2, 3, 2, 2, 1, 2, 5, 0, 2, 3, 3, 2, 1, 1, 2, 4, 0, 4, 0, 0 });
list.Add(new List<int>(){ 38, 0, 1, 2, 3, 0, 5, 3, 3, 0, 1, 2, 4, 1, 3, 5, 2, 5, 2, 2, 1, 3, 2, 5, 4, 4, 3, 1, 2, 2, 0, 4, 0, 0 });
list.Add(new List<int>(){ 38, 0, 3, 2, 1, 1, 5, 3, 0, 0, 1, 1, 1, 1, 3, 5, 1, 4, 3, 4, 5, 0, 4, 2, 2, 2, 3, 3, 2, 3, 0, 2, 0, 1 });
list.Add(new List<int>(){ 39, 0, 1, 2, 3, 2, 5, 3, 3, 0, 1, 1, 3, 1, 2, 4, 1, 0, 1, 1, 0, 5, 1, 0, 4, 4, 5, 3, 2, 5, 1, 2, 3, 1, 2, 2, 0, 2, 0, 2, 2, 4, 1 });
list.Add(new List<int>(){ 47, 0, 0, 2, 3, 1, 4, 1, 1, 1, 1, 4, 0, 1, 4, 3, 1, 0, 3, 2, 5, 4, 2, 2, 2, 2, 3, 2, 2, 3, 0, 2, 0, 4, 2, 4, 1 });
list.Add(new List<int>(){ 39, 0, 1, 2, 3, 1, 3, 1, 0, 0, 1, 3, 0, 1, 4, 4, 1, 0, 5, 1, 0, 1, 2, 3, 4, 4, 0, 2, 2, 2, 0, 4, 4, 1 });
list.Add(new List<int>(){ 44, 0, 1, 2, 3, 0, 0, 1, 3, 0, 1, 2, 3, 1, 4, 3, 1, 0, 5, 1, 4, 4, 4, 5, 0, 2, 1, 3, 4, 0, 1, 2, 2, 4, 2, 3, 4 });
list.Add(new List<int>(){ 1, 1, 1, 4, 2, 2, 1, 0, 1, 0, 1, 1, 3, 0, 0, 2, 0, 0, 1, 0, 1, 5 });
list.Add(new List<int>(){ 1, 1, 1, 4, 2, 2, 1, 0, 1, 0, 1, 1, 3, 0, 0, 2, 0, 0, 1, 0, 1, 5 });
list.Add(new List<int>(){ 1, 1, 1, 4, 2, 2, 1, 0, 1, 0, 1, 1, 3, 0, 0, 2, 0, 0, 1, 0, 1, 5 });
list.Add(new List<int>(){ 1, 1, 1, 4, 2, 2, 1, 0, 1, 0, 1, 1, 3, 0, 0, 2, 0, 0, 1, 0, 1, 5 });
list.Add(new List<int>(){ 44, 0, 1, 2, 4, 0, 1, 4, 5, 0, 2, 2, 4, 2, 1, 3, 2, 3, 4, 1, 0, 5, 3, 0, 0, 1, 2, 3, 1, 3, 0, 1, 4, 3, 1, 4, 4 });
list.Add(new List<int>(){ 43, 2, 0, 4, 2, 0, 2, 4, 5, 0, 2, 2, 1, 2, 3, 3, 0, 3, 2, 1, 1, 5, 3, 2, 0, 1, 0, 0, 1, 0, 1, 3, 3, 5, 1, 4, 3, 1, 4, 4 });
list.Add(new List<int>(){ 39, 4, 0, 3, 0, 0, 2, 2, 2, 4, 2, 3, 4, 2, 4, 0, 2, 5, 2, 2, 5, 0, 3, 1, 3, 1, 2, 0, 1, 0, 1, 1, 0, 0, 1, 4, 4, 1, 4, 5 });
list.Add(new List<int>(){ 46, 4, 0, 2, 0, 1, 2, 4, 5, 1, 2, 2, 0, 2, 3, 4, 4, 4, 1, 1, 0, 5, 3, 1, 3, 1, 3, 0, 1, 0, 0, 1, 4, 5, 1, 0, 1 });
list.Add(new List<int>(){ 40, 0, 0, 2, 2, 0, 0, 2, 2, 4, 4, 5, 1, 2, 3, 1, 2, 3, 3, 1, 0, 5, 2, 4, 2, 3, 0, 3, 3, 3, 0, 1, 4, 4 });
list.Add(new List<int>(){ 38, 4, 0, 1, 0, 1, 2, 2, 0, 4, 4, 5, 0, 2, 2, 3, 2, 1, 3, 2, 3, 4, 3, 0, 0, 1, 3, 0, 3, 3, 3, 1, 1, 1, 1, 1, 5, 1, 4, 4 });
list.Add(new List<int>(){ 43, 4, 3, 3, 2, 0, 1, 0, 2, 2, 2, 4, 4, 2, 2, 0, 2, 5, 0, 2, 4, 2, 1, 3, 1, 3, 0, 5, 1, 0, 3, 3, 0, 4, 1, 0, 0 });
list.Add(new List<int>(){ 39, 0, 0, 2, 4, 5, 1, 2, 0, 0, 2, 2, 4, 2, 3, 1, 4, 4, 1, 2, 3, 3, 3, 0, 3, 3, 2, 0, 1, 4, 4 });
list.Add(new List<int>(){ 38, 4, 3, 3, 4, 4, 3, 0, 0, 2, 2, 0, 3, 2, 2, 1, 4, 5, 3, 2, 5, 1, 3, 0, 5, 3, 1, 0, 1, 1, 3, 1, 3, 1, 1, 4, 0, 1, 1, 4 });
list.Add(new List<int>(){ 47, 2, 0, 2, 4, 5, 1, 2, 2, 1, 2, 3, 4, 2, 4, 0, 0, 3, 2, 3, 0, 5, 1, 1, 3, 1, 2, 0, 1, 0, 0, 1, 4, 5, 1, 1, 4, 1, 3, 3 });
list.Add(new List<int>(){ 43, 4, 2, 0, 0, 0, 2, 2, 0, 3, 4, 5, 0, 2, 3, 4, 2, 3, 1, 2, 4, 2, 1, 3, 0, 3, 1, 3, 1, 0, 5, 1, 1, 4 });
list.Add(new List<int>(){ 43, 4, 2, 0, 0, 0, 2, 2, 0, 3, 4, 5, 0, 2, 3, 1, 2, 3, 4, 3, 1, 3, 1, 3, 0, 1, 4, 5, 1, 0, 5, 1, 1, 4 });
list.Add(new List<int>(){ 2147483646, 1, 2, 0, 2, 1, 0, 2, 4, 0, 1, 2, 2, 0, 2, 1, 0, 4, 2, 0, 0, 2 });
